time_ms,emfA_V,emfB_V,emfC_V
1,0.000,0.000,0.000
3,0.000,0.000,0.000
5,0.000,0.000,0.000
7,0.000,0.000,0.000
9,0.000,0.000,0.000
10,0.000,0.000,0.000
12,0.000,0.000,0.000
14,0.000,0.000,0.000
16,0.000,0.000,0.000
18,0.000,0.000,0.000
20,0.000,0.000,0.000
23,0.000,0.000,0.000
25,0.000,0.000,0.000
27,0.000,0.000,0.000
29,0.000,0.000,0.000
31,0.000,0.000,0.000
33,0.000,0.000,0.000
35,0.000,0.000,0.000
37,0.000,0.000,0.000
39,0.000,0.000,0.000
41,0.000,0.000,0.000
43,0.000,0.000,0.000
45,0.000,0.000,0.000
47,0.000,0.000,0.000
49,0.000,0.000,0.000
51,0.000,0.000,0.000
52,0.000,0.000,0.000
54,0.000,0.000,0.000
56,0.000,0.000,0.000
58,0.000,0.000,0.000
60,0.000,0.000,0.000
62,0.000,0.000,0.000
65,0.000,0.000,0.000
67,0.000,0.000,0.000
69,0.000,0.000,0.000
71,0.000,0.000,0.000
73,0.000,0.000,0.000
75,0.000,0.000,0.000
77,0.000,0.000,0.000
79,0.000,0.000,0.000
81,0.000,0.000,0.000
83,0.000,0.000,0.000
85,0.000,0.000,0.000
87,0.000,0.000,0.000
89,0.000,0.000,0.000
91,0.000,0.000,0.000
93,0.000,0.000,0.000
94,0.000,0.000,0.000
96,0.000,0.000,0.000
98,0.000,0.000,0.000
100,0.000,0.000,0.000
102,0.000,0.000,0.000
104,0.000,0.000,0.000
106,0.000,0.000,0.000
109,0.000,0.000,0.000
111,0.000,0.000,0.000
113,0.000,0.000,0.000
115,0.000,0.000,0.000
117,0.000,0.000,0.000
119,0.000,0.000,0.000
121,0.000,0.000,0.000
123,0.000,0.000,0.000
125,0.000,0.000,0.000
127,0.000,0.000,0.000
129,0.000,0.000,0.000
131,0.000,0.000,0.000
133,0.000,0.000,0.000
135,0.000,0.000,0.000
136,0.000,0.000,0.000
138,0.000,0.000,0.000
140,0.000,0.000,0.000
142,0.000,0.000,0.000
144,0.000,0.000,0.000
146,0.000,0.000,0.000
148,0.000,0.000,0.000
151,0.000,0.000,0.000
153,0.000,0.000,0.000
155,0.000,0.000,0.000
157,0.000,0.000,0.000
159,0.000,0.000,0.000
161,0.000,0.000,0.000
163,0.000,0.000,0.000
165,0.000,0.000,0.000
167,0.000,0.000,0.000
169,0.000,0.000,0.000
171,0.000,0.000,0.000
173,0.000,0.000,0.000
175,0.000,0.000,0.000
177,0.000,0.000,0.000
179,0.000,0.000,0.000
180,0.000,0.000,0.000
182,0.000,0.000,0.000
184,0.000,0.000,0.000
186,0.000,0.000,0.000
188,0.000,0.000,0.000
190,0.000,0.000,0.000
193,0.000,0.000,0.000
195,0.000,0.000,0.000
197,0.000,0.000,0.000
199,0.000,0.000,0.000
201,0.000,0.000,0.000
203,0.000,0.000,0.000
205,0.000,0.000,0.000
207,0.000,0.000,0.000
209,0.000,0.000,0.000
211,0.000,0.000,0.000
213,0.000,0.000,0.000
215,0.000,0.000,0.000
217,0.000,0.000,0.000
219,0.000,0.000,0.000
221,0.000,0.000,0.000
222,0.000,0.000,0.000
224,0.000,0.000,0.000
226,0.000,0.000,0.000
228,0.000,0.000,0.000
230,0.000,0.000,0.000
232,0.000,0.000,0.000
234,0.000,0.000,0.000
237,0.000,0.000,0.000
239,0.000,0.000,0.000
241,0.000,0.000,0.000
243,0.000,0.000,0.000
245,0.000,0.000,0.000
247,0.000,0.000,0.000
249,0.000,0.000,0.000
251,0.000,0.000,0.000
253,0.000,0.000,0.000
255,0.000,0.000,0.000
257,0.000,0.000,0.000
259,0.000,0.000,0.000
261,0.000,0.000,0.000
263,0.000,0.000,0.000
264,0.000,0.000,0.000
266,0.000,0.000,0.000
268,0.000,0.000,0.000
270,0.000,0.000,0.000
272,0.000,0.000,0.000
274,0.000,0.000,0.000
276,0.000,0.000,0.000
279,0.000,0.000,0.000
281,0.000,0.000,0.000
283,0.000,0.000,0.000
285,0.000,0.000,0.000
287,0.000,0.000,0.000
289,0.000,0.000,0.000
291,0.000,0.000,0.000
293,0.000,0.000,0.000
295,0.000,0.000,0.000
297,0.000,0.000,0.000
299,0.000,0.000,0.000
301,0.000,0.000,0.000
303,0.000,0.000,0.000
305,0.000,0.000,0.000
307,0.000,0.000,0.000
308,0.000,0.000,0.000
310,0.000,0.000,0.000
312,0.000,0.000,0.000
314,0.000,0.000,0.000
316,0.000,0.000,0.000
318,0.000,0.000,0.000
321,0.000,0.000,0.000
323,0.000,0.000,0.000
325,0.000,0.000,0.000
327,0.000,0.000,0.000
329,0.000,0.000,0.000
331,0.000,0.000,0.000
333,0.000,0.000,0.000
335,0.000,0.000,0.000
337,0.000,0.000,0.000
339,0.000,0.000,0.000
341,0.000,0.000,0.000
343,0.000,0.000,0.000
345,0.000,0.000,0.000
347,0.000,0.000,0.000
349,0.000,0.000,0.000
350,0.000,0.000,0.000
352,0.000,0.000,0.000
354,0.000,0.000,0.000
356,0.000,0.000,0.000
358,0.000,0.000,0.000
360,0.000,0.000,0.000
362,0.000,0.000,0.000
365,0.000,0.000,0.000
367,0.000,0.000,0.000
369,0.000,0.000,0.000
371,0.000,0.000,0.000
373,0.000,0.000,0.000
375,0.000,0.000,0.000
377,0.000,0.000,0.000
379,0.000,0.000,0.000
381,0.000,0.000,0.000
383,0.000,0.000,0.000
385,0.000,0.000,0.000
387,0.000,0.000,0.000
389,0.000,0.000,0.000
391,0.000,0.000,0.000
392,0.000,0.000,0.000
394,0.000,0.000,0.000
396,0.000,0.000,0.000
398,0.000,0.000,0.000
400,0.000,0.000,0.000
402,0.000,0.000,0.000
404,0.000,0.000,0.000
407,0.000,0.000,0.000
409,0.000,0.000,0.000
411,0.000,0.000,0.000
413,0.000,0.000,0.000
415,0.000,0.000,0.000
417,0.000,0.000,0.000
419,0.000,0.000,0.000
421,0.000,0.000,0.000
423,0.000,0.000,0.000
425,0.000,0.000,0.000
427,0.000,0.000,0.000
429,0.000,0.000,0.000
431,0.000,0.000,0.000
433,0.000,0.000,0.000
435,0.000,0.000,0.000
436,0.000,0.000,0.000
438,0.000,0.000,0.000
440,0.000,0.000,0.000
442,0.000,0.000,0.000
444,0.000,0.000,0.000
446,0.000,0.000,0.000
449,0.000,0.000,0.000
451,0.000,0.000,0.000
453,0.000,0.000,0.000
455,0.000,0.000,0.000
457,0.000,0.000,0.000
459,0.000,0.000,0.000
461,0.000,0.000,0.000
463,0.000,0.000,0.000
465,0.000,0.000,0.000
467,0.000,0.000,0.000
469,0.000,0.000,0.000
471,0.000,0.000,0.000
473,0.000,0.000,0.000
475,0.000,0.000,0.000
477,0.000,0.000,0.000
478,0.000,0.000,0.000
480,0.000,0.000,0.000
482,0.000,0.000,0.000
484,0.000,0.000,0.000
486,0.000,0.000,0.000
488,0.000,0.000,0.000
490,0.000,0.000,0.000
493,0.000,0.000,0.000
495,0.000,0.000,0.000
497,0.000,0.000,0.000
499,0.000,0.000,0.000
501,0.000,0.000,0.000
503,0.000,0.000,0.000
505,0.000,0.000,0.000
507,0.000,0.000,0.000
509,0.000,0.000,0.000
511,0.000,0.000,0.000
513,0.000,0.000,0.000
515,0.000,0.000,0.000
517,0.000,0.000,0.000
519,0.000,0.000,0.000
520,0.000,0.000,0.000
522,0.000,0.000,0.000
524,0.000,0.000,0.000
526,0.000,0.000,0.000
528,0.000,0.000,0.000
530,0.000,0.000,0.000
532,0.000,0.000,0.000
535,0.000,0.000,0.000
537,0.000,0.000,0.000
539,0.000,0.000,0.000
541,0.000,0.000,0.000
543,0.000,0.000,0.000
545,0.000,0.000,0.000
547,0.000,0.000,0.000
549,0.000,0.000,0.000
551,0.000,0.000,0.000
553,0.000,0.000,0.000
555,0.000,0.000,0.000
557,0.000,0.000,0.000
559,0.000,0.000,0.000
561,0.000,0.000,0.000
563,0.000,0.000,0.000
564,0.000,0.000,0.000
566,0.000,0.000,0.000
568,0.000,0.000,0.000
570,0.000,0.000,0.000
572,0.000,0.000,0.000
574,0.000,0.000,0.000
577,0.000,0.000,0.000
579,0.000,0.000,0.000
581,0.000,0.000,0.000
583,0.000,0.000,0.000
585,0.000,0.000,0.000
587,0.000,0.000,0.000
589,0.000,0.000,0.000
591,0.000,0.000,0.000
593,0.000,0.000,0.000
595,0.000,0.000,0.000
597,0.000,0.000,0.000
599,0.000,0.000,0.000
601,0.000,0.000,0.000
603,0.000,0.000,0.000
605,0.000,0.000,0.000
606,0.000,0.000,0.000
608,0.000,0.000,0.000
610,0.000,0.000,0.000
612,0.000,0.000,0.000
614,0.000,0.000,0.000
616,0.000,0.000,0.000
618,0.000,0.000,0.000
621,0.000,0.000,0.000
623,0.000,0.000,0.000
625,0.000,0.000,0.000
627,0.000,0.000,0.000
629,0.000,0.000,0.000
631,0.000,0.000,0.000
633,0.000,0.000,0.000
635,0.000,0.000,0.000
637,0.000,0.000,0.000
639,0.000,0.000,0.000
641,0.000,0.000,0.000
643,0.000,0.000,0.000
645,0.000,0.000,0.000
647,0.000,0.000,0.000
648,0.000,0.000,0.000
650,0.000,0.000,0.000
652,0.000,0.000,0.000
654,0.000,0.000,0.000
656,0.000,0.000,0.000
658,0.000,0.000,0.000
660,0.000,0.000,0.000
663,0.000,0.000,0.000
665,0.000,0.000,0.000
667,0.000,0.000,0.000
669,0.000,0.000,0.000
671,0.000,0.000,0.000
673,0.000,0.000,0.000
675,0.000,0.000,0.000
677,0.000,0.000,0.000
679,0.000,0.000,0.000
681,0.000,0.000,0.000
683,0.000,0.000,0.000
685,0.000,0.000,0.000
687,0.000,0.000,0.000
689,0.000,0.000,0.000
691,0.000,0.000,0.000
692,0.000,0.000,0.000
694,0.000,0.000,0.000
696,0.000,0.000,0.000
698,0.000,0.000,0.000
700,0.000,0.000,0.000
702,0.000,0.000,0.000
705,0.000,0.000,0.000
707,0.000,0.000,0.000
709,0.000,0.000,0.000
711,0.000,0.000,0.000
713,0.000,0.000,0.000
715,0.000,0.000,0.000
717,0.000,0.000,0.000
719,0.000,0.000,0.000
721,0.000,0.000,0.000
723,0.000,0.000,0.000
725,0.000,0.000,0.000
727,0.000,0.000,0.000
729,0.000,0.000,0.000
731,0.000,0.000,0.000
733,0.000,0.000,0.000
734,0.000,0.000,0.000
736,0.000,0.000,0.000
738,0.000,0.000,0.000
740,0.000,0.000,0.000
742,0.000,0.000,0.000
744,0.000,0.000,0.000
746,0.000,0.000,0.000
749,0.000,0.000,0.000
751,0.000,0.000,0.000
753,0.000,0.000,0.000
755,0.000,0.000,0.000
757,0.000,0.000,0.000
759,0.000,0.000,0.000
761,0.000,0.000,0.000
763,0.000,0.000,0.000
765,0.000,0.000,0.000
767,0.000,0.000,0.000
769,0.000,0.000,0.000
771,0.000,0.000,0.000
773,0.000,0.000,0.000
775,0.000,0.000,0.000
776,0.000,0.000,0.000
778,0.000,0.000,0.000
780,0.000,0.000,0.000
782,0.000,0.000,0.000
784,0.000,0.000,0.000
786,0.000,0.000,0.000
788,0.000,0.000,0.000
791,0.000,0.000,0.000
793,0.000,0.000,0.000
795,0.000,0.000,0.000
797,0.000,0.000,0.000
799,0.000,0.000,0.000
801,0.000,0.000,0.000
803,0.000,0.000,0.000
805,0.000,0.000,0.000
807,0.000,0.000,0.000
809,0.000,0.000,0.000
811,0.000,0.000,0.000
813,0.000,0.000,0.000
815,0.000,0.000,0.000
817,0.000,0.000,0.000
819,0.000,0.000,0.000
820,0.000,0.000,0.000
822,0.000,0.000,0.000
824,0.000,0.000,0.000
826,0.000,0.000,0.000
828,0.000,0.000,0.000
830,0.000,0.000,0.000
833,0.000,0.000,0.000
835,0.000,0.000,0.000
837,0.000,0.000,0.000
839,0.000,0.000,0.000
841,0.000,0.000,0.000
843,0.000,0.000,0.000
845,0.000,0.000,0.000
847,0.000,0.000,0.000
849,0.000,0.000,0.000
851,0.000,0.000,0.000
853,0.000,0.000,0.000
855,0.000,0.000,0.000
857,0.000,0.000,0.000
859,0.000,0.000,0.000
861,0.000,0.000,0.000
862,0.000,0.000,0.000
864,0.000,0.000,0.000
866,0.000,0.000,0.000
868,0.000,0.000,0.000
870,0.000,0.000,0.000
872,0.000,0.000,0.000
874,0.000,0.000,0.000
877,0.000,0.000,0.000
879,0.000,0.000,0.000
881,0.000,0.000,0.000
883,0.000,0.000,0.000
885,0.000,0.000,0.000
887,0.000,0.000,0.000
889,0.000,0.000,0.000
891,0.000,0.000,0.000
893,0.000,0.000,0.000
895,0.000,0.000,0.000
897,0.000,0.000,0.000
899,0.000,0.000,0.000
901,0.000,0.000,0.000
903,0.000,0.000,0.000
904,0.000,0.000,0.000
906,0.000,0.000,0.000
908,0.000,0.000,0.000
910,0.000,0.000,0.000
912,0.000,0.000,0.000
914,0.000,0.000,0.000
916,0.000,0.000,0.000
919,0.000,0.000,0.000
921,0.000,0.000,0.000
923,0.000,0.000,0.000
925,0.000,0.000,0.000
927,0.000,0.000,0.000
929,0.000,0.000,0.000
931,0.000,0.000,0.000
933,0.000,0.000,0.000
935,0.000,0.000,0.000
937,0.000,0.000,0.000
939,0.000,0.000,0.000
941,0.000,0.000,0.000
943,0.000,0.000,0.000
945,0.000,0.000,0.000
947,0.000,0.000,0.000
948,0.000,0.000,0.000
950,0.000,0.000,0.000
952,0.000,0.000,0.000
954,0.000,0.000,0.000
956,0.000,0.000,0.000
958,0.000,0.000,0.000
961,0.000,0.000,0.000
963,0.000,0.000,0.000
965,0.000,0.000,0.000
967,0.000,0.000,0.000
969,0.000,0.000,0.000
971,0.000,0.000,0.000
973,0.000,0.000,0.000
975,0.000,0.000,0.000
977,0.000,0.000,0.000
979,0.000,0.000,0.000
981,0.000,0.000,0.000
983,0.000,0.000,0.000
985,0.000,0.000,0.000
987,0.000,0.000,0.000
989,0.000,0.000,0.000
990,0.000,0.000,0.000
992,0.000,0.000,0.000
994,0.000,0.000,0.000
996,0.000,0.000,0.000
998,0.000,0.000,0.000
1000,0.000,0.000,0.000
1002,0.000,0.000,0.000
1005,0.000,0.000,0.000
1007,0.000,0.000,0.000
1009,0.000,0.000,0.000
1011,0.000,0.000,0.000
1013,0.000,0.000,0.000
1015,0.000,0.000,0.000
1017,0.000,0.000,0.000
1019,0.000,0.000,0.000
1021,0.000,0.000,0.000
1023,0.000,0.000,0.000
1025,0.000,0.000,0.000
1027,0.000,0.000,0.000
1029,0.000,0.000,0.000
1031,0.000,0.000,0.000
1033,0.000,0.000,0.000
1035,0.000,0.000,0.000
1037,0.000,0.000,0.000
1039,0.000,0.000,0.000
1041,0.000,0.000,0.000
1043,0.000,0.000,0.000
1045,0.000,0.000,0.000
1048,0.000,0.000,0.000
1050,0.000,0.000,0.000
1052,0.000,0.000,0.000
1054,0.000,0.000,0.000
1056,0.000,0.000,0.000
1058,0.000,0.000,0.000
1060,0.000,0.000,0.000
1062,0.000,0.000,0.000
1064,0.000,0.000,0.000
1066,0.000,0.000,0.000
1068,0.000,0.000,0.000
1070,0.000,0.000,0.000
1072,0.000,0.000,0.000
1074,0.000,0.000,0.000
1076,0.000,0.000,0.000
1078,0.000,0.000,0.000
1080,0.000,0.000,0.000
1082,0.000,0.000,0.000
1084,0.000,0.000,0.000
1086,0.000,0.000,0.000
1089,0.000,0.000,0.000
1091,0.000,0.000,0.000
1093,0.000,0.000,0.000
1095,0.000,0.000,0.000
1097,0.000,0.000,0.000
1099,0.000,0.000,0.000
1101,0.000,0.000,0.000
1103,0.000,0.000,0.000
1105,0.000,0.000,0.000
1107,0.000,0.000,0.000
1109,0.000,0.000,0.000
1111,0.000,0.000,0.000
1113,0.000,0.000,0.000
1115,0.000,0.000,0.000
1117,0.000,0.000,0.000
1119,0.000,0.000,0.000
1121,0.000,0.000,0.000
1123,0.000,0.000,0.000
1125,0.000,0.000,0.000
1127,0.000,0.000,0.000
1129,0.000,0.000,0.000
1132,0.000,0.000,0.000
1134,0.000,0.000,0.000
1136,0.000,0.000,0.000
1138,0.000,0.000,0.000
1140,0.000,0.000,0.000
1142,0.000,0.000,0.000
1144,0.000,0.000,0.000
1146,0.000,0.000,0.000
1147,0.000,0.000,0.000
1149,0.000,0.000,0.000
1151,0.000,0.000,0.000
1153,0.000,0.000,0.000
1155,0.000,0.000,0.000
1157,0.000,0.000,0.000
1159,0.000,0.000,0.000
1161,0.000,0.000,0.000
1163,0.000,0.000,0.000
1165,0.000,0.000,0.000
1167,0.000,0.000,0.000
1169,0.000,0.000,0.000
1171,0.000,0.000,0.000
1173,0.000,0.000,0.000
1176,0.000,0.000,0.000
1178,0.000,0.000,0.000
1180,0.000,0.000,0.000
1182,0.000,0.000,0.000
1184,0.000,0.000,0.000
1186,0.000,0.000,0.000
1188,0.000,0.000,0.000
1190,0.000,0.000,0.000
1192,0.000,0.000,0.000
1194,0.000,0.000,0.000
1196,0.000,0.000,0.000
1198,0.000,0.000,0.000
1200,0.000,0.000,0.000
1202,0.000,0.000,0.000
1204,0.000,0.000,0.000
1206,0.000,0.000,0.000
1208,0.000,0.000,0.000
1210,0.000,0.000,0.000
1212,0.000,0.000,0.000
1214,0.000,0.000,0.000
1217,0.000,0.000,0.000
1219,0.000,0.000,0.000
1221,0.000,0.000,0.000
1223,0.000,0.000,0.000
1225,0.000,0.000,0.000
1227,0.000,0.000,0.000
1229,0.000,0.000,0.000
1231,0.000,0.000,0.000
1233,0.000,0.000,0.000
1235,0.000,0.000,0.000
1237,0.000,0.000,0.000
1239,0.000,0.000,0.000
1241,0.000,0.000,0.000
1243,0.000,0.000,0.000
1245,0.000,0.000,0.000
1247,0.000,0.000,0.000
1249,0.000,0.000,0.000
1251,0.000,0.000,0.000
1253,0.000,0.000,0.000
1255,0.000,0.000,0.000
1257,0.000,0.000,0.000
1260,0.000,0.000,0.000
1262,0.000,0.000,0.000
1264,0.000,0.000,0.000
1266,0.000,0.000,0.000
1268,0.000,0.000,0.000
1270,0.000,0.000,0.000
1272,0.000,0.000,0.000
1274,0.000,0.000,0.000
1276,0.000,0.000,0.000
1278,0.000,0.000,0.000
1280,0.000,0.000,0.000
1282,0.000,0.000,0.000
1284,0.000,0.000,0.000
1286,0.000,0.000,0.000
1288,0.000,0.000,0.000
1290,0.000,0.000,0.000
1292,0.000,0.000,0.000
1294,0.000,0.000,0.000
1296,0.000,0.000,0.000
1298,0.000,0.000,0.000
1300,0.000,0.000,0.000
1303,0.000,0.000,0.000
1305,0.000,0.000,0.000
1307,0.000,0.000,0.000
1309,0.000,0.000,0.000
1311,0.000,0.000,0.000
1313,0.000,0.000,0.000
1315,0.000,0.000,0.000
1317,0.000,0.000,0.000
1319,0.000,0.000,0.000
1321,0.000,0.000,0.000
1323,0.000,0.000,0.000
1325,0.000,0.000,0.000
1327,0.000,0.000,0.000
1329,0.000,0.000,0.000
1331,0.000,0.000,0.000
1333,0.000,0.000,0.000
1335,0.000,0.000,0.000
1337,0.000,0.000,0.000
1339,0.000,0.000,0.000
1341,0.000,0.000,0.000
1343,0.000,0.000,0.000
1346,0.000,0.000,0.000
1348,0.000,0.000,0.000
1350,0.000,0.000,0.000
1352,0.000,0.000,0.000
1354,0.000,0.000,0.000
1356,0.000,0.000,0.000
1358,0.000,0.000,0.000
1360,0.000,0.000,0.000
1362,0.000,0.000,0.000
1364,0.000,0.000,0.000
1366,0.000,0.000,0.000
1368,0.000,0.000,0.000
1370,0.000,0.000,0.000
1372,0.000,0.000,0.000
1374,0.000,0.000,0.000
1376,0.000,0.000,0.000
1378,0.000,0.000,0.000
1380,0.000,0.000,0.000
1382,0.000,0.000,0.000
1384,0.000,0.000,0.000
1386,0.000,0.000,0.000
1389,0.000,0.000,0.000
1391,0.000,0.000,0.000
1393,0.000,0.000,0.000
1395,0.000,0.000,0.000
1397,0.000,0.000,0.000
1399,0.000,0.000,0.000
1401,0.000,0.000,0.000
1403,0.000,0.000,0.000
1405,0.000,0.000,0.000
1407,-0.003,0.007,-0.003
1409,-0.007,0.013,-0.007
1411,-0.007,0.013,-0.007
1413,-0.003,0.007,-0.003
1415,-0.003,0.007,-0.003
1417,-0.016,0.033,-0.016
1419,-0.036,0.072,-0.036
1421,-0.020,0.039,-0.020
1423,-0.013,0.026,-0.013
1425,-0.039,0.078,-0.039
1427,-0.033,0.094,-0.062
1431,-0.033,0.075,-0.042
1433,-0.036,0.081,-0.046
1435,-0.039,0.108,-0.068
1437,-0.046,0.121,-0.075
1439,-0.039,0.117,-0.078
1441,-0.039,0.127,-0.088
1443,-0.029,0.127,-0.098
1445,-0.026,0.130,-0.104
1447,-0.023,0.134,-0.111
1450,-0.016,0.130,-0.114
1452,-0.013,0.134,-0.121
1454,-0.007,0.130,-0.124
1456,0.007,0.124,-0.130
1458,0.016,0.124,-0.140
1460,0.026,0.124,-0.150
1462,0.046,0.124,-0.169
1464,0.059,0.108,-0.166
1466,0.081,0.091,-0.173
1469,0.101,0.081,-0.182
1471,0.127,0.068,-0.196
1474,0.169,0.042,-0.212
1476,0.192,0.016,-0.209
1478,0.228,-0.007,-0.222
1480,0.280,-0.052,-0.228
1482,0.326,-0.085,-0.241
1484,0.375,-0.134,-0.241
1486,0.433,-0.182,-0.251
1489,0.495,-0.248,-0.248
1491,0.547,-0.274,-0.274
1493,0.600,-0.300,-0.300
1495,0.652,-0.326,-0.326
1497,0.691,-0.345,-0.345
1499,0.730,-0.365,-0.365
1501,0.762,-0.381,-0.381
1503,0.795,-0.398,-0.398
1505,0.828,-0.414,-0.414
1507,0.841,-0.420,-0.420
1510,0.860,-0.430,-0.430
1512,0.828,-0.482,-0.345
1514,0.779,-0.541,-0.238
1517,0.710,-0.600,-0.111
1519,0.632,-0.658,0.026
1521,0.534,-0.707,0.173
1523,0.420,-0.743,0.323
1525,0.287,-0.769,0.482
1527,0.143,-0.785,0.642
1530,0.003,-0.789,0.785
1532,-0.156,-0.782,0.938
1534,-0.313,-0.762,1.075
1536,-0.472,-0.727,1.199
1538,-0.635,-0.674,1.310
1540,-0.671,-0.671,1.342
1542,-0.671,-0.671,1.342
1544,-0.665,-0.665,1.329
1547,-0.652,-0.652,1.303
1549,-0.645,-0.645,1.290
1551,-0.635,-0.635,1.271
1553,-0.619,-0.619,1.238
1555,-0.688,-0.394,1.082
1557,-0.775,-0.091,0.867
1560,-0.837,0.248,0.590
1562,-0.877,0.609,0.267
1565,-0.880,0.968,-0.088
1567,-0.850,1.300,-0.450
1569,-0.792,1.584,-0.792
1571,-0.841,1.681,-0.841
1573,-0.867,1.733,-0.867
1575,-0.899,1.799,-0.899
1577,-0.932,1.864,-0.932
1579,-0.942,1.883,-0.942
1582,-0.925,1.851,-0.925
1584,-0.746,1.707,-0.961
1586,-0.446,1.479,-1.033
1588,-0.121,1.189,-1.069
1590,0.209,0.863,-1.072
1592,0.541,0.512,-1.052
1594,0.867,0.143,-1.010
1596,1.186,-0.251,-0.935
1598,1.476,-0.655,-0.821
1602,1.610,-0.805,-0.805
1604,1.655,-0.828,-0.828
1606,1.694,-0.847,-0.847
1608,1.746,-0.873,-0.873
1610,1.587,-1.023,-0.564
1612,1.320,-1.183,-0.137
1614,0.978,-1.290,0.313
1617,0.600,-1.346,0.746
1619,0.209,-1.355,1.147
1621,-0.202,-1.316,1.518
1623,-0.619,-1.225,1.844
1625,-1.007,-1.085,2.092
1627,-1.056,-1.056,2.111
1629,-1.036,-1.036,2.072
1631,-0.997,-0.997,1.994
1634,-0.951,-0.951,1.903
1636,-1.004,-0.613,1.616
1638,-1.111,-0.046,1.157
1640,-1.180,0.560,0.619
1642,-1.180,1.137,0.042
1645,-1.137,1.698,-0.560
1647,-1.075,2.151,-1.075
1649,-1.160,2.320,-1.160
1652,-1.215,2.431,-1.215
1654,-1.228,2.457,-1.228
1656,-1.219,2.437,-1.219
1658,-0.948,2.229,-1.281
1660,-0.417,1.792,-1.375
1662,0.134,1.268,-1.401
1664,0.671,0.701,-1.372
1667,1.186,0.091,-1.277
1669,1.662,-0.538,-1.124
1671,1.968,-0.984,-0.984
1673,2.014,-1.007,-1.007
1675,2.033,-1.017,-1.017
1677,1.988,-1.101,-0.886
1679,1.623,-1.339,-0.283
1681,1.170,-1.499,0.329
1684,0.645,-1.574,0.929
1687,0.101,-1.571,1.470
1689,-0.440,-1.496,1.935
1691,-0.964,-1.336,2.300
1693,-1.219,-1.219,2.437
1695,-1.186,-1.186,2.372
1697,-1.124,-1.124,2.248
1699,-1.046,-1.046,2.092
1702,-1.144,-0.479,1.623
1704,-1.241,0.254,0.987
1706,-1.268,0.981,0.287
1708,-1.228,1.655,-0.427
1710,-1.124,2.248,-1.124
1712,-1.225,2.450,-1.225
1714,-1.294,2.587,-1.294
1717,-1.300,2.600,-1.300
1719,-1.281,2.561,-1.281
1721,-0.824,2.206,-1.382
1723,-0.238,1.688,-1.450
1725,0.358,1.082,-1.440
1727,0.935,0.427,-1.362
1730,1.460,-0.241,-1.219
1732,1.916,-0.909,-1.007
1735,2.001,-1.000,-1.000
1737,2.040,-1.020,-1.020
1739,2.072,-1.036,-1.036
1741,1.750,-1.281,-0.469
1743,1.316,-1.460,0.143
1745,0.811,-1.554,0.743
1747,0.280,-1.567,1.287
1749,-0.248,-1.499,1.746
1752,-0.756,-1.352,2.108
1754,-1.170,-1.170,2.340
1756,-1.137,-1.137,2.274
1758,-1.079,-1.079,2.157
1760,-1.000,-1.000,2.001
1762,-0.981,-0.766,1.746
1764,-1.092,-0.104,1.196
1766,-1.140,0.541,0.600
1769,-1.137,1.160,-0.023
1772,-1.075,1.720,-0.645
1774,-1.056,2.111,-1.056
1776,-1.127,2.255,-1.127
1778,-1.170,2.340,-1.170
1780,-1.170,2.340,-1.170
1782,-1.150,2.300,-1.150
1784,-0.877,2.066,-1.189
1787,-0.417,1.675,-1.258
1789,0.062,1.215,-1.277
1791,0.525,0.710,-1.235
1793,0.945,0.202,-1.147
1795,1.329,-0.313,-1.017
1797,1.665,-0.818,-0.847
1799,1.707,-0.854,-0.854
1801,1.740,-0.870,-0.870
1804,1.766,-0.883,-0.883
1806,1.675,-0.964,-0.710
1808,1.404,-1.127,-0.277
1810,1.065,-1.232,0.166
1812,0.720,-1.294,0.573
1815,0.342,-1.290,0.948
1817,-0.020,-1.251,1.271
1819,-0.381,-1.173,1.554
1822,-0.707,-1.059,1.766
1824,-0.948,-0.948,1.896
1826,-0.922,-0.922,1.844
1828,-0.886,-0.886,1.773
1830,-0.834,-0.834,1.668
1832,-0.789,-0.789,1.577
1834,-0.746,-0.697,1.443
1836,-0.818,-0.300,1.118
1839,-0.863,0.085,0.779
1841,-0.880,0.479,0.401
1843,-0.880,0.850,0.029
1845,-0.857,1.196,-0.339
1847,-0.805,1.512,-0.707
1849,-0.834,1.668,-0.834
1851,-0.870,1.740,-0.870
1853,-0.893,1.786,-0.893
1855,-0.906,1.812,-0.906
1859,-0.906,1.812,-0.906
1861,-0.886,1.773,-0.886
1863,-0.815,1.678,-0.863
1865,-0.544,1.460,-0.916
1867,-0.280,1.215,-0.935
1869,-0.003,0.945,-0.942
1871,0.261,0.661,-0.922
1873,0.515,0.368,-0.883
1875,0.762,0.068,-0.831
1878,0.981,-0.222,-0.759
1880,1.189,-0.512,-0.678
1882,1.290,-0.645,-0.645
1884,1.316,-0.658,-0.658
1886,1.329,-0.665,-0.665
1888,1.369,-0.684,-0.684
1890,1.388,-0.694,-0.694
1892,1.303,-0.769,-0.534
1895,1.140,-0.873,-0.267
1897,0.948,-0.948,0.000
1900,0.743,-1.007,0.264
1902,0.512,-1.033,0.521
1904,0.274,-1.046,0.772
1906,0.026,-1.020,0.994
1908,-0.212,-0.984,1.196
1910,-0.440,-0.919,1.359
1912,-0.665,-0.841,1.505
1915,-0.785,-0.785,1.571
1917,-0.772,-0.772,1.544
1919,-0.746,-0.746,1.492
1921,-0.720,-0.720,1.440
1923,-0.697,-0.697,1.395
1925,-0.668,-0.668,1.336
1927,-0.655,-0.567,1.222
1929,-0.723,-0.274,0.997
1932,-0.769,0.033,0.736
1934,-0.795,0.339,0.456
1936,-0.805,0.652,0.153
1938,-0.805,0.955,-0.150
1940,-0.782,1.251,-0.469
1943,-0.749,1.499,-0.749
1945,-0.805,1.610,-0.805
1947,-0.837,1.675,-0.837
1949,-0.867,1.733,-0.867
1952,-0.886,1.773,-0.886
1954,-0.890,1.779,-0.890
1956,-0.883,1.766,-0.883
1958,-0.785,1.668,-0.883
1960,-0.515,1.460,-0.945
1962,-0.238,1.209,-0.971
1965,0.042,0.932,-0.974
1967,0.323,0.645,-0.968
1969,0.593,0.339,-0.932
1971,0.847,0.036,-0.883
1973,1.095,-0.283,-0.811
1975,1.316,-0.600,-0.717
1977,1.414,-0.707,-0.707
1979,1.440,-0.720,-0.720
1982,1.473,-0.736,-0.736
1985,1.505,-0.753,-0.753
1987,1.489,-0.789,-0.701
1989,1.316,-0.932,-0.384
1991,1.101,-1.039,-0.062
1993,0.841,-1.124,0.283
1995,0.560,-1.160,0.600
1998,0.264,-1.173,0.909
2000,-0.046,-1.150,1.196
2002,-0.345,-1.108,1.453
2004,-0.645,-1.017,1.662
2006,-0.906,-0.906,1.812
2008,-0.893,-0.893,1.786
2010,-0.870,-0.870,1.740
2012,-0.841,-0.841,1.681
2015,-0.805,-0.805,1.610
2017,-0.759,-0.759,1.518
2019,-0.808,-0.476,1.284
2021,-0.880,-0.078,0.958
2023,-0.929,0.342,0.587
2025,-0.942,0.749,0.192
2029,-0.935,1.147,-0.212
2031,-0.896,1.518,-0.622
2033,-0.893,1.786,-0.893
2035,-0.955,1.909,-0.955
2037,-1.004,2.007,-1.004
2039,-1.033,2.066,-1.033
2041,-1.039,2.079,-1.039
2044,-1.026,2.053,-1.026
2046,-0.792,1.877,-1.085
2048,-0.427,1.577,-1.150
2050,-0.036,1.206,-1.170
2052,0.349,0.808,-1.157
2054,0.717,0.394,-1.111
2056,1.069,-0.036,-1.033
2059,1.388,-0.469,-0.919
2061,1.623,-0.811,-0.811
2063,1.662,-0.831,-0.831
2065,1.688,-0.844,-0.844
2067,1.720,-0.860,-0.860
2069,1.636,-0.945,-0.691
2072,1.382,-1.101,-0.280
2075,1.082,-1.215,0.134
2077,0.749,-1.284,0.534
2079,0.398,-1.303,0.906
2081,0.046,-1.284,1.238
2083,-0.316,-1.225,1.541
2085,-0.652,-1.121,1.773
2087,-0.974,-0.974,1.949
2089,-0.951,-0.951,1.903
2092,-0.912,-0.912,1.825
2094,-0.863,-0.863,1.727
2096,-0.811,-0.811,1.623
2098,-0.753,-0.753,1.505
2100,-0.815,-0.375,1.189
2102,-0.857,0.033,0.824
2104,-0.877,0.414,0.463
2107,-0.863,0.769,0.094
2109,-0.824,1.092,-0.267
2111,-0.766,1.365,-0.600
2114,-0.762,1.525,-0.762
2116,-0.785,1.571,-0.785
2118,-0.792,1.584,-0.792
2120,-0.789,1.577,-0.789
2122,-0.775,1.551,-0.775
2125,-0.753,1.505,-0.753
2127,-0.717,1.434,-0.717
2129,-0.547,1.290,-0.743
2131,-0.336,1.092,-0.756
2133,-0.134,0.883,-0.749
2135,0.049,0.674,-0.723
2138,0.218,0.472,-0.691
2140,0.355,0.297,-0.652
2142,0.482,0.121,-0.603
2144,0.590,-0.036,-0.554
2146,0.681,-0.179,-0.502
2148,0.749,-0.306,-0.443
2150,0.795,-0.398,-0.398
2152,0.782,-0.391,-0.391
2156,0.762,-0.381,-0.381
2158,0.749,-0.375,-0.375
2160,0.723,-0.362,-0.362
2162,0.704,-0.352,-0.352
2164,0.671,-0.336,-0.336
2166,0.639,-0.319,-0.319
2168,0.606,-0.303,-0.303
2171,0.567,-0.283,-0.283
2173,0.528,-0.264,-0.264
2175,0.472,-0.251,-0.222
2177,0.417,-0.248,-0.169
2179,0.368,-0.238,-0.130
2181,0.319,-0.228,-0.091
2184,0.267,-0.212,-0.055
2186,0.228,-0.192,-0.036
2188,0.196,-0.176,-0.020
2190,0.153,-0.160,0.007
2192,0.134,-0.140,0.007
2194,0.108,-0.117,0.010
2196,0.078,-0.098,0.020
2199,0.065,-0.081,0.016
2202,0.049,-0.059,0.010
2204,0.033,-0.036,0.003
2206,0.003,-0.007,0.003
2208,0.000,0.000,0.000
2210,0.000,0.000,0.000
2212,0.000,0.000,0.000
2214,0.000,0.000,0.000
2216,0.000,0.000,0.000
2218,0.000,0.000,0.000
2220,0.000,0.000,0.000
2222,0.000,0.000,0.000
2224,0.000,0.000,0.000
2226,0.000,0.000,0.000
2228,0.000,0.000,0.000
2230,0.000,0.000,0.000
2232,0.000,0.000,0.000
2234,0.000,0.000,0.000
2236,0.000,0.000,0.000
2238,0.000,0.000,0.000
2241,0.000,0.000,0.000
2243,0.000,0.000,0.000
2245,0.000,0.000,0.000
2247,0.000,0.000,0.000
2249,0.000,0.000,0.000
2251,0.000,0.000,0.000
2253,0.000,0.000,0.000
2255,0.000,0.000,0.000
2257,0.000,0.000,0.000
2259,0.000,0.000,0.000
2261,0.000,0.000,0.000
2263,0.000,0.000,0.000
2265,0.000,0.000,0.000
2267,0.000,0.000,0.000
2269,0.000,0.000,0.000
2271,0.000,0.000,0.000
2273,0.000,0.000,0.000
2275,0.000,0.000,0.000
2277,0.000,0.000,0.000
2278,0.000,0.000,0.000
2280,0.000,0.000,0.000
2282,0.000,0.000,0.000
2285,0.000,0.000,0.000
2287,0.000,0.000,0.000
2289,0.000,0.000,0.000
2291,0.000,0.000,0.000
2293,0.000,0.000,0.000
2295,0.000,0.000,0.000
2297,0.000,0.000,0.000
2299,0.000,0.000,0.000
2301,0.000,0.000,0.000
2303,0.000,0.000,0.000
2305,0.000,0.000,0.000
2307,0.000,0.000,0.000
2309,0.000,0.000,0.000
2311,0.000,0.000,0.000
2313,0.000,0.000,0.000
2315,0.000,0.000,0.000
2317,0.000,0.000,0.000
2319,0.000,0.000,0.000
2321,0.000,0.000,0.000
2323,0.000,0.000,0.000
2325,0.000,0.000,0.000
2328,0.000,0.000,0.000
2330,0.000,0.000,0.000
2332,0.000,0.000,0.000
2334,0.000,0.000,0.000
2336,0.000,0.000,0.000
2338,0.000,0.000,0.000
2340,0.000,0.000,0.000
2342,0.000,0.000,0.000
2344,0.000,0.000,0.000
2346,0.000,0.000,0.000
2348,0.000,0.000,0.000
2350,0.000,0.000,0.000
2352,0.000,0.000,0.000
2354,0.000,0.000,0.000
2356,0.000,0.000,0.000
2358,0.000,0.000,0.000
2360,0.000,0.000,0.000
2362,0.000,0.000,0.000
2364,0.000,0.000,0.000
2366,0.000,0.000,0.000
2369,0.000,0.000,0.000
2371,0.000,0.000,0.000
2373,0.000,0.000,0.000
2375,0.000,0.000,0.000
2377,0.000,0.000,0.000
2379,0.000,0.000,0.000
2381,0.000,0.000,0.000
2383,0.000,0.000,0.000
2385,0.000,0.000,0.000
2387,0.000,0.000,0.000
2389,0.000,0.000,0.000
2391,0.000,0.000,0.000
2393,0.000,0.000,0.000
2395,0.000,0.000,0.000
2397,0.000,0.000,0.000
2399,0.000,0.000,0.000
2401,0.000,0.000,0.000
2403,0.000,0.000,0.000
2405,0.000,0.000,0.000
2407,0.000,0.000,0.000
2409,0.000,0.000,0.000
2412,0.000,0.000,0.000
2414,0.000,0.000,0.000
2416,0.000,0.000,0.000
2418,0.000,0.000,0.000
2420,0.000,0.000,0.000
2422,0.000,0.000,0.000
2424,0.000,0.000,0.000
2426,0.000,0.000,0.000
2428,0.000,0.000,0.000
2430,0.000,0.000,0.000
2432,0.000,0.000,0.000
2434,0.000,0.000,0.000
2436,0.000,0.000,0.000
2438,0.000,0.000,0.000
2440,0.000,0.000,0.000
2442,0.000,0.000,0.000
2444,0.000,0.000,0.000
2446,0.000,0.000,0.000
2448,0.000,0.000,0.000
2450,0.000,0.000,0.000
2452,0.000,0.000,0.000
2455,0.000,0.000,0.000
2457,0.000,0.000,0.000
2459,0.000,0.000,0.000
2461,0.000,0.000,0.000
2463,0.000,0.000,0.000
2465,0.000,0.000,0.000
2467,0.000,0.000,0.000
2469,0.000,0.000,0.000
2471,0.000,0.000,0.000
2473,0.000,0.000,0.000
2475,0.000,0.000,0.000
2477,0.000,0.000,0.000
2479,0.000,0.000,0.000
2481,0.000,0.000,0.000
2483,0.000,0.000,0.000
2485,0.000,0.000,0.000
2487,0.000,0.000,0.000
2489,0.000,0.000,0.000
2491,0.000,0.000,0.000
2493,0.000,0.000,0.000
2495,0.000,0.000,0.000
2498,0.000,0.000,0.000
2500,0.000,0.000,0.000
2502,0.000,0.000,0.000
2504,0.000,0.000,0.000
2506,0.000,0.000,0.000
2508,0.000,0.000,0.000
2510,0.000,0.000,0.000
2512,0.000,0.000,0.000
2514,0.000,0.000,0.000
2516,0.000,0.000,0.000
2518,0.000,0.000,0.000
2520,0.000,0.000,0.000
2522,0.000,0.000,0.000
2524,0.000,0.000,0.000
2526,0.000,0.000,0.000
2528,0.000,0.000,0.000
2530,0.000,0.000,0.000
2532,0.000,0.000,0.000
2534,0.000,0.000,0.000
2536,0.000,0.000,0.000
2538,0.000,0.000,0.000
2540,0.000,0.000,0.000
2542,0.000,0.000,0.000
2544,0.000,0.000,0.000
2546,0.000,0.000,0.000
2548,0.000,0.000,0.000
2550,0.000,0.000,0.000
2552,0.000,0.000,0.000
2554,0.000,0.000,0.000
2556,0.000,0.000,0.000
2558,0.000,0.000,0.000
2560,0.000,0.000,0.000
2562,0.000,0.000,0.000
2564,0.000,0.000,0.000
2566,0.000,0.000,0.000
2568,0.000,0.000,0.000
2570,0.000,0.000,0.000
2572,0.000,0.000,0.000
2574,0.000,0.000,0.000
2576,0.000,0.000,0.000
2578,0.000,0.000,0.000
2580,0.000,0.000,0.000
2583,0.000,0.000,0.000
2585,0.000,0.000,0.000
2587,0.000,0.000,0.000
2589,0.000,0.000,0.000
2591,0.000,0.000,0.000
2593,0.000,0.000,0.000
2595,0.000,0.000,0.000
2597,0.000,0.000,0.000
2599,0.000,0.000,0.000
2601,0.000,0.000,0.000
2603,0.000,0.000,0.000
2605,0.000,0.000,0.000
2607,0.000,0.000,0.000
2609,0.000,0.000,0.000
2611,0.000,0.000,0.000
2613,0.000,0.000,0.000
2615,0.000,0.000,0.000
2617,0.000,0.000,0.000
2619,0.000,0.000,0.000
2621,0.000,0.000,0.000
2623,0.000,0.000,0.000
2626,0.000,0.000,0.000
2628,0.000,0.000,0.000
2630,0.000,0.000,0.000
2632,0.000,0.000,0.000
2634,0.000,0.000,0.000
2636,0.000,0.000,0.000
2638,0.000,0.000,0.000
2640,0.000,0.000,0.000
2642,0.000,0.000,0.000
2644,0.000,0.000,0.000
2646,0.000,0.000,0.000
2648,0.000,0.000,0.000
2650,0.000,0.000,0.000
2652,0.000,0.000,0.000
2654,0.000,0.000,0.000
2656,0.000,0.000,0.000
2658,0.000,0.000,0.000
2660,0.000,0.000,0.000
2662,0.000,0.000,0.000
2664,0.000,0.000,0.000
2666,0.000,0.000,0.000
2669,0.000,0.000,0.000
2671,0.000,0.000,0.000
2673,0.000,0.000,0.000
2675,0.000,0.000,0.000
2677,0.000,0.000,0.000
2679,0.000,0.000,0.000
2681,0.000,0.000,0.000
2683,0.000,0.000,0.000
2685,0.000,0.000,0.000
2687,0.000,0.000,0.000
2689,0.000,0.000,0.000
2691,0.000,0.000,0.000
2693,0.000,0.000,0.000
2695,0.000,0.000,0.000
2697,0.000,0.000,0.000
2699,0.000,0.000,0.000
2701,0.000,0.000,0.000
2703,0.000,0.000,0.000
2705,0.000,0.000,0.000
2707,0.000,0.000,0.000
2709,0.000,0.000,0.000
2712,0.000,0.000,0.000
2714,0.000,0.000,0.000
2716,0.000,0.000,0.000
2718,0.000,0.000,0.000
2720,0.000,0.000,0.000
2722,0.000,0.000,0.000
2724,0.000,0.000,0.000
2726,0.000,0.000,0.000
2728,0.000,0.000,0.000
2730,0.000,0.000,0.000
2732,0.000,0.000,0.000
2734,0.000,0.000,0.000
2736,0.000,0.000,0.000
2738,0.000,0.000,0.000
2740,0.000,0.000,0.000
2742,0.000,0.000,0.000
2744,0.000,0.000,0.000
2746,0.000,0.000,0.000
2748,0.000,0.000,0.000
2750,0.000,0.000,0.000
2753,0.000,0.000,0.000
2755,0.000,0.000,0.000
2757,0.000,0.000,0.000
2759,0.000,0.000,0.000
2761,0.000,0.000,0.000
2763,0.000,0.000,0.000
2765,0.000,0.000,0.000
2767,0.000,0.000,0.000
2769,0.000,0.000,0.000
2771,0.000,0.000,0.000
2773,0.000,0.000,0.000
2775,0.000,0.000,0.000
2777,0.000,0.000,0.000
2779,0.000,0.000,0.000
2781,0.000,0.000,0.000
2783,0.000,0.000,0.000
2785,0.000,0.000,0.000
2787,0.000,0.000,0.000
2789,0.000,0.000,0.000
2791,0.000,0.000,0.000
2793,0.000,0.000,0.000
2796,0.000,0.000,0.000
2798,0.000,0.000,0.000
2800,0.000,0.000,0.000
2801,0.000,0.000,0.000
2803,0.000,0.000,0.000
2805,0.000,0.000,0.000
2807,0.000,0.000,0.000
2809,0.000,0.000,0.000
2811,0.000,0.000,0.000
2813,0.000,0.000,0.000
2815,0.000,0.000,0.000
2817,0.000,0.000,0.000
2819,0.000,0.000,0.000
2821,0.000,0.000,0.000
2823,0.000,0.000,0.000
2825,0.000,0.000,0.000
2827,0.000,0.000,0.000
2829,0.000,0.000,0.000
2831,0.000,0.000,0.000
2833,0.000,0.000,0.000
2835,0.000,0.000,0.000
2837,0.000,0.000,0.000
2840,0.000,0.000,0.000
2842,0.000,0.000,0.000
2844,0.000,0.000,0.000
2846,0.000,0.000,0.000
2848,0.000,0.000,0.000
2850,0.000,0.000,0.000
2852,0.000,0.000,0.000
2854,0.000,0.000,0.000
2856,0.000,0.000,0.000
2858,0.000,0.000,0.000
2860,0.000,0.000,0.000
2862,0.000,0.000,0.000
2864,0.000,0.000,0.000
2866,0.000,0.000,0.000
2868,0.000,0.000,0.000
2870,0.000,0.000,0.000
2872,0.000,0.000,0.000
2874,0.000,0.000,0.000
2876,0.000,0.000,0.000
2878,0.000,0.000,0.000
2881,0.000,0.000,0.000
2883,0.000,0.000,0.000
2885,0.000,0.000,0.000
2887,0.000,0.000,0.000
2889,0.000,0.000,0.000
2891,0.000,0.000,0.000
2893,0.000,0.000,0.000
2895,0.000,0.000,0.000
2897,0.000,0.000,0.000
2899,0.000,0.000,0.000
2901,0.000,0.000,0.000
2903,0.000,0.000,0.000
2905,0.000,0.000,0.000
2907,0.000,0.000,0.000
2909,0.000,0.000,0.000
2911,0.000,0.000,0.000
2913,0.000,0.000,0.000
2915,0.000,0.000,0.000
2917,0.000,0.000,0.000
2919,0.000,0.000,0.000
2921,0.000,0.000,0.000
2924,0.000,0.000,0.000
2926,0.000,0.000,0.000
2928,0.000,0.000,0.000
2930,0.000,0.000,0.000
2932,0.000,0.000,0.000
2934,0.000,0.000,0.000
2936,0.000,0.000,0.000
2938,0.000,0.000,0.000
2940,0.000,0.000,0.000
2942,0.000,0.000,0.000
2944,0.000,0.000,0.000
2946,0.000,0.000,0.000
2948,0.000,0.000,0.000
2950,0.000,0.000,0.000
2952,0.000,0.000,0.000
2954,0.000,0.000,0.000
2956,0.000,0.000,0.000
2958,0.000,0.000,0.000
2960,0.000,0.000,0.000
2962,0.000,0.000,0.000
2964,0.000,0.000,0.000
2967,0.000,0.000,0.000
2969,0.000,0.000,0.000
2971,0.000,0.000,0.000
2973,0.000,0.000,0.000
2975,0.000,0.000,0.000
2977,0.000,0.000,0.000
2979,0.000,0.000,0.000
2981,0.000,0.000,0.000
2983,0.000,0.000,0.000
2985,0.000,0.000,0.000
2987,0.000,0.000,0.000
2989,0.000,0.000,0.000
2991,0.000,0.000,0.000
2993,0.000,0.000,0.000
2995,0.000,0.000,0.000
2997,0.000,0.000,0.000
2999,0.000,0.000,0.000
3001,0.000,0.000,0.000
3003,0.000,0.000,0.000
3005,0.000,0.000,0.000
3007,0.000,0.000,0.000
3010,0.000,0.000,0.000
3012,0.000,0.000,0.000
3014,0.000,0.000,0.000
3016,0.000,0.000,0.000
3018,0.000,0.000,0.000
3020,0.000,0.000,0.000
3022,0.000,0.000,0.000
3024,0.000,0.000,0.000
3026,0.000,0.000,0.000
3028,0.000,0.000,0.000
3030,0.000,0.000,0.000
3032,0.000,0.000,0.000
3034,0.000,0.000,0.000
3036,0.000,0.000,0.000
3038,0.000,0.000,0.000
3040,0.000,0.000,0.000
3042,0.000,0.000,0.000
3044,0.000,0.000,0.000
3046,0.000,0.000,0.000
3048,0.000,0.000,0.000
3050,0.000,0.000,0.000
3053,0.000,0.000,0.000
3055,0.000,0.000,0.000
3057,0.000,0.000,0.000
3059,0.000,0.000,0.000
3061,0.000,0.000,0.000
3062,0.000,0.000,0.000
3064,0.000,0.000,0.000
3066,0.000,0.000,0.000
3068,0.000,0.000,0.000
3070,0.000,0.000,0.000
3072,0.000,0.000,0.000
3074,0.000,0.000,0.000
3076,0.000,0.000,0.000
3078,0.000,0.000,0.000
3080,0.000,0.000,0.000
3082,0.000,0.000,0.000
3084,0.000,0.000,0.000
3086,0.000,0.000,0.000
3088,0.000,0.000,0.000
3090,0.000,0.000,0.000
3092,0.000,0.000,0.000
3095,0.000,0.000,0.000
3097,0.000,0.000,0.000
3099,0.000,0.000,0.000
3101,0.000,0.000,0.000
3103,0.000,0.000,0.000
3105,0.000,0.000,0.000
3107,0.000,0.000,0.000
3109,0.000,0.000,0.000
3111,0.000,0.000,0.000
3113,0.000,0.000,0.000
3115,0.000,0.000,0.000
3117,0.000,0.000,0.000
3119,0.000,0.000,0.000
3121,0.000,0.000,0.000
3123,0.000,0.000,0.000
3125,0.000,0.000,0.000
3127,0.000,0.000,0.000
3129,0.000,0.000,0.000
3131,0.000,0.000,0.000
3133,0.000,0.000,0.000
3135,0.000,0.000,0.000
3138,0.000,0.000,0.000
3140,0.000,0.000,0.000
3142,0.000,0.000,0.000
3144,0.000,0.000,0.000
3146,0.000,0.000,0.000
3148,0.000,0.000,0.000
3150,0.000,0.000,0.000
3152,0.000,0.000,0.000
3154,0.000,0.000,0.000
3156,0.000,0.000,0.000
3158,0.000,0.000,0.000
3160,0.000,0.000,0.000
3162,0.000,0.000,0.000
3164,0.000,0.000,0.000
3166,0.000,0.000,0.000
3168,0.000,0.000,0.000
3170,0.000,0.000,0.000
3172,0.000,0.000,0.000
3174,0.000,0.000,0.000
3176,0.000,0.000,0.000
3178,0.000,0.000,0.000
3181,0.000,0.000,0.000
3183,0.000,0.000,0.000
3185,0.000,0.000,0.000
3187,0.000,0.000,0.000
3189,0.000,0.000,0.000
3191,0.000,0.000,0.000
3193,0.000,0.000,0.000
3195,0.000,0.000,0.000
3197,0.000,0.000,0.000
3199,0.000,0.000,0.000
3201,0.000,0.000,0.000
3203,0.000,0.000,0.000
3205,0.000,0.000,0.000
3207,0.000,0.000,0.000
3209,0.000,0.000,0.000
3211,0.000,0.000,0.000
3213,0.000,0.000,0.000
3215,0.000,0.000,0.000
3217,0.000,0.000,0.000
3219,0.000,0.000,0.000
3221,0.000,0.000,0.000
3224,0.000,0.000,0.000
3226,0.000,0.000,0.000
3228,0.000,0.000,0.000
3230,0.000,0.000,0.000
3232,0.000,0.000,0.000
3234,0.000,0.000,0.000
3236,0.000,0.000,0.000
3238,0.000,0.000,0.000
3240,0.000,0.000,0.000
3242,0.000,0.000,0.000
3244,0.000,0.000,0.000
3246,0.000,0.000,0.000
3248,0.000,0.000,0.000
3250,0.000,0.000,0.000
3252,0.000,0.000,0.000
3254,0.000,0.000,0.000
3256,0.000,0.000,0.000
3258,0.000,0.000,0.000
3260,0.000,0.000,0.000
3262,0.000,0.000,0.000
3265,0.000,0.000,0.000
3267,0.000,0.000,0.000
3269,0.000,0.000,0.000
3271,0.000,0.000,0.000
3273,0.000,0.000,0.000
3275,0.000,0.000,0.000
3277,0.000,0.000,0.000
3279,0.000,0.000,0.000
3281,0.000,0.000,0.000
3283,0.000,0.000,0.000
3285,0.000,0.000,0.000
3287,0.000,0.000,0.000
3289,0.000,0.000,0.000
3291,0.000,0.000,0.000
3293,0.000,0.000,0.000
3295,0.000,0.000,0.000
3297,0.000,0.000,0.000
3299,0.000,0.000,0.000
3301,0.000,0.000,0.000
3303,0.000,0.000,0.000
3305,0.000,0.000,0.000
3308,0.000,0.000,0.000
3310,0.000,0.000,0.000
3312,0.000,0.000,0.000
3314,0.000,0.000,0.000
3316,0.000,0.000,0.000
3318,0.000,0.000,0.000
3320,0.000,0.000,0.000
3322,0.000,0.000,0.000
3323,0.000,0.000,0.000
3325,0.000,0.000,0.000
3327,0.000,0.000,0.000
3329,0.000,0.000,0.000
3331,0.000,0.000,0.000
3333,0.000,0.000,0.000
3335,0.000,0.000,0.000
3337,0.000,0.000,0.000
3339,0.000,0.000,0.000
3341,0.000,0.000,0.000
3343,0.000,0.000,0.000
3345,0.000,0.000,0.000
3347,0.000,0.000,0.000
3349,0.000,0.000,0.000
3352,0.000,0.000,0.000
3354,0.000,0.000,0.000
3356,0.000,0.000,0.000
3358,0.000,0.000,0.000
3360,0.000,0.000,0.000
3362,0.000,0.000,0.000
3364,0.000,0.000,0.000
3366,0.000,0.000,0.000
3368,0.000,0.000,0.000
3370,0.000,0.000,0.000
3372,0.000,0.000,0.000
3374,0.000,0.000,0.000
3376,0.000,0.000,0.000
3378,0.000,0.000,0.000
3380,0.000,0.000,0.000
3382,0.000,0.000,0.000
3384,0.000,0.000,0.000
3386,0.000,0.000,0.000
3388,0.000,0.000,0.000
3390,0.000,0.000,0.000
3393,0.000,0.000,0.000
3395,0.000,0.000,0.000
3397,0.000,0.000,0.000
3399,0.000,0.000,0.000
3401,0.000,0.000,0.000
3403,0.000,0.000,0.000
3405,0.000,0.000,0.000
3407,0.000,0.000,0.000
3409,0.000,0.000,0.000
3411,0.000,0.000,0.000
3413,0.000,0.000,0.000
3415,0.000,0.000,0.000
3417,0.000,0.000,0.000
3419,0.000,0.000,0.000
3421,0.000,0.000,0.000
3423,0.000,0.000,0.000
3425,0.000,0.000,0.000
3427,0.000,0.000,0.000
3429,0.000,0.000,0.000
3431,0.000,0.000,0.000
3433,0.000,0.000,0.000
3436,0.000,0.000,0.000
3438,0.000,0.000,0.000
3440,0.000,0.000,0.000
3442,0.000,0.000,0.000
3444,0.000,0.000,0.000
3446,0.000,0.000,0.000
3448,0.000,0.000,0.000
3450,0.000,0.000,0.000
3452,0.000,0.000,0.000
3454,0.000,0.000,0.000
3456,0.000,0.000,0.000
3458,0.000,0.000,0.000
3460,0.000,0.000,0.000
3462,0.000,0.000,0.000
3464,0.000,0.000,0.000
3466,0.000,0.000,0.000
3468,0.000,0.000,0.000
3470,0.000,0.000,0.000
3472,0.000,0.000,0.000
3474,0.000,0.000,0.000
3476,0.000,0.000,0.000
3479,0.000,0.000,0.000
3481,0.000,0.000,0.000
3483,0.000,0.000,0.000
3485,0.000,0.000,0.000
3487,0.000,0.000,0.000
3489,0.000,0.000,0.000
3491,0.000,0.000,0.000
3493,0.000,0.000,0.000
3495,0.000,0.000,0.000
3497,0.000,0.000,0.000
3499,0.000,0.000,0.000
3501,0.000,0.000,0.000
3503,0.000,0.000,0.000
3505,0.000,0.000,0.000
3507,0.000,0.000,0.000
3509,0.000,0.000,0.000
3511,0.000,0.000,0.000
3513,0.000,0.000,0.000
3515,0.000,0.000,0.000
3517,0.000,0.000,0.000
3519,0.000,0.000,0.000
3522,0.000,0.000,0.000
3524,0.000,0.000,0.000
3526,0.000,0.000,0.000
3528,0.000,0.000,0.000
3530,0.000,0.000,0.000
3532,0.000,0.000,0.000
3534,0.000,0.000,0.000
3536,0.000,0.000,0.000
3538,0.000,0.000,0.000
3540,0.000,0.000,0.000
3542,0.000,0.000,0.000
3544,0.000,0.000,0.000
3546,0.000,0.000,0.000
3548,0.000,0.000,0.000
3550,0.000,0.000,0.000
3552,0.000,0.000,0.000
3554,0.000,0.000,0.000
3556,0.000,0.000,0.000
3558,0.000,0.000,0.000
3560,0.000,0.000,0.000
3562,0.000,0.000,0.000
3565,0.000,0.000,0.000
3567,0.000,0.000,0.000
3569,0.000,0.000,0.000
3571,0.000,0.000,0.000
3573,0.000,0.000,0.000
3575,0.000,0.000,0.000
3577,0.000,0.000,0.000
3579,0.000,0.000,0.000
3581,0.000,0.000,0.000
3583,0.000,0.000,0.000
3584,0.000,0.000,0.000
3586,0.000,0.000,0.000
3588,0.000,0.000,0.000
3590,0.000,0.000,0.000
3592,0.000,0.000,0.000
3594,0.000,0.000,0.000
3596,0.000,0.000,0.000
3598,0.000,0.000,0.000
3600,0.000,0.000,0.000
3602,0.000,0.000,0.000
3604,0.000,0.000,0.000
3607,0.000,0.000,0.000
3609,0.000,0.000,0.000
3611,0.000,0.000,0.000
3613,0.000,0.000,0.000
3615,0.000,0.000,0.000
3617,0.000,0.000,0.000
3619,0.000,0.000,0.000
3621,0.000,0.000,0.000
3623,0.000,0.000,0.000
3625,0.000,0.000,0.000
3627,0.000,0.000,0.000
3629,0.000,0.000,0.000
3631,0.000,0.000,0.000
3633,0.000,0.000,0.000
3635,0.000,0.000,0.000
3637,0.000,0.000,0.000
3639,0.000,0.000,0.000
3641,0.000,0.000,0.000
3643,0.000,0.000,0.000
3645,0.000,0.000,0.000
3647,0.000,0.000,0.000
3650,0.000,0.000,0.000
3652,0.000,0.000,0.000
3654,0.000,0.000,0.000
3656,0.000,0.000,0.000
3658,0.000,0.000,0.000
3660,0.000,0.000,0.000
3662,0.000,0.000,0.000
3664,0.000,0.000,0.000
3666,0.000,0.000,0.000
3668,0.000,0.000,0.000
3670,0.000,0.000,0.000
3672,0.000,0.000,0.000
3674,0.000,0.000,0.000
3676,0.000,0.000,0.000
3678,0.000,0.000,0.000
3680,0.000,0.000,0.000
3682,0.000,0.000,0.000
3684,0.000,0.000,0.000
3686,0.000,0.000,0.000
3688,0.000,0.000,0.000
3690,0.000,0.000,0.000
3693,0.000,0.000,0.000
3695,0.000,0.000,0.000
3697,0.000,0.000,0.000
3699,0.000,0.000,0.000
3701,0.000,0.000,0.000
3703,0.000,0.000,0.000
3705,0.000,0.000,0.000
3707,0.000,0.000,0.000
3709,0.000,0.000,0.000
3711,0.000,0.000,0.000
3713,0.000,0.000,0.000
3715,0.000,0.000,0.000
3717,0.000,0.000,0.000
3719,0.000,0.000,0.000
3721,0.000,0.000,0.000
3723,0.000,0.000,0.000
3725,0.000,0.000,0.000
3727,0.000,0.000,0.000
3729,0.000,0.000,0.000
3731,0.000,0.000,0.000
3733,0.000,0.000,0.000
3736,0.000,0.000,0.000
3738,0.000,0.000,0.000
3740,0.000,0.000,0.000
3742,0.000,0.000,0.000
3744,0.000,0.000,0.000
3746,0.000,0.000,0.000
3748,0.000,0.000,0.000
3750,0.000,0.000,0.000
3752,0.000,0.000,0.000
3754,0.000,0.000,0.000
3756,0.000,0.000,0.000
3758,0.000,0.000,0.000
3760,0.000,0.000,0.000
3762,0.000,0.000,0.000
3764,0.000,0.000,0.000
3766,0.000,0.000,0.000
3768,0.000,0.000,0.000
3770,0.000,0.000,0.000
3772,0.000,0.000,0.000
3774,0.000,0.000,0.000
3777,0.000,0.000,0.000
3779,0.000,0.000,0.000
3781,0.000,0.000,0.000
3783,0.000,0.000,0.000
3785,0.000,0.000,0.000
3787,0.000,0.000,0.000
3789,0.000,0.000,0.000
3791,0.000,0.000,0.000
3793,0.000,0.000,0.000
3795,0.000,0.000,0.000
3797,0.000,0.000,0.000
3799,0.000,0.000,0.000
3801,0.000,0.000,0.000
3803,0.000,0.000,0.000
3805,0.000,0.000,0.000
3807,0.000,0.000,0.000
3809,0.000,0.000,0.000
3811,0.000,0.000,0.000
3813,0.000,0.000,0.000
3815,0.000,0.000,0.000
3817,0.000,0.000,0.000
3820,0.000,0.000,0.000
3822,0.000,0.000,0.000
3824,0.000,0.000,0.000
3826,0.000,0.000,0.000
3828,0.000,0.000,0.000
3830,0.000,0.000,0.000
3832,0.000,0.000,0.000
3834,0.000,0.000,0.000
3836,0.000,0.000,0.000
3838,0.000,0.000,0.000
3840,0.000,0.000,0.000
3842,0.000,0.000,0.000
3844,0.000,0.000,0.000
3845,0.000,0.000,0.000
3847,0.000,0.000,0.000
3849,0.000,0.000,0.000
3851,0.000,0.000,0.000
3853,0.000,0.000,0.000
3855,0.000,0.000,0.000
3857,0.000,0.000,0.000
3859,0.000,0.000,0.000
3861,0.000,0.000,0.000
3864,0.000,0.000,0.000
3866,0.000,0.000,0.000
3868,0.000,0.000,0.000
3870,0.000,0.000,0.000
3872,0.000,0.000,0.000
3874,0.000,0.000,0.000
3876,0.000,0.000,0.000
3878,0.000,0.000,0.000
3880,0.000,0.000,0.000
3882,0.000,0.000,0.000
3884,0.000,0.000,0.000
3886,0.000,0.000,0.000
3888,0.000,0.000,0.000
3890,0.000,0.000,0.000
3892,0.000,0.000,0.000
3894,0.000,0.000,0.000
3896,0.000,0.000,0.000
3898,0.000,0.000,0.000
3900,0.000,0.000,0.000
3902,0.000,0.000,0.000
3905,0.000,0.000,0.000
3907,0.000,0.000,0.000
3909,0.000,0.000,0.000
3911,0.000,0.000,0.000
3913,0.000,0.000,0.000
3915,0.000,0.000,0.000
3917,0.000,0.000,0.000
3919,0.000,0.000,0.000
3921,0.000,0.000,0.000
3923,0.000,0.000,0.000
3925,0.000,0.000,0.000
3927,0.000,0.000,0.000
3929,0.000,0.000,0.000
3931,0.000,0.000,0.000
3933,0.000,0.000,0.000
3935,0.000,0.000,0.000
3937,0.000,0.000,0.000
3939,0.000,0.000,0.000
3941,0.000,0.000,0.000
3943,0.000,0.000,0.000
3945,0.000,0.000,0.000
3948,0.000,0.000,0.000
3950,0.000,0.000,0.000
3952,0.000,0.000,0.000
3954,0.000,0.000,0.000
3956,0.000,0.000,0.000
3958,0.000,0.000,0.000
3960,0.000,0.000,0.000
3962,0.000,0.000,0.000
3964,0.000,0.000,0.000
3966,0.000,0.000,0.000
3968,0.000,0.000,0.000
3970,0.000,0.000,0.000
3972,0.000,0.000,0.000
3974,0.000,0.000,0.000
3976,0.000,0.000,0.000
3978,0.000,0.000,0.000
3980,0.000,0.000,0.000
3982,0.000,0.000,0.000
3984,0.000,0.000,0.000
3986,0.000,0.000,0.000
3988,0.000,0.000,0.000
3991,0.000,0.000,0.000
3993,0.000,0.000,0.000
3995,0.000,0.000,0.000
3997,0.000,0.000,0.000
3999,0.000,0.000,0.000
4001,0.000,0.000,0.000
4003,0.000,0.000,0.000
4005,0.000,0.000,0.000
4007,0.000,0.000,0.000
4009,0.000,0.000,0.000
4011,0.000,0.000,0.000
4013,0.000,0.000,0.000
4015,0.000,0.000,0.000
4017,0.000,0.000,0.000
4019,0.000,0.000,0.000
4021,0.000,0.000,0.000
4023,0.000,0.000,0.000
4025,0.000,0.000,0.000
4027,0.000,0.000,0.000
4029,0.000,0.000,0.000
4031,0.000,0.000,0.000
4034,0.000,0.000,0.000
4036,0.000,0.000,0.000
4038,0.000,0.000,0.000
4040,0.000,0.000,0.000
4042,0.000,0.000,0.000
4044,0.000,0.000,0.000
4046,0.000,0.000,0.000
4048,0.000,0.000,0.000
4050,0.000,0.000,0.000
4052,0.000,0.000,0.000
4054,0.000,0.000,0.000
4056,0.000,0.000,0.000
4058,0.000,0.000,0.000
4060,-0.003,0.007,-0.003
4062,0.000,0.000,0.000
4064,-0.003,0.007,-0.003
4066,-0.003,0.007,-0.003
4068,-0.013,0.026,-0.013
4070,-0.020,0.039,-0.020
4072,-0.020,0.039,-0.020
4074,-0.020,0.039,-0.020
4078,-0.023,0.046,-0.023
4080,-0.036,0.072,-0.036
4082,-0.039,0.078,-0.039
4084,-0.036,0.072,-0.036
4086,-0.042,0.085,-0.042
4088,-0.049,0.098,-0.049
4091,-0.052,0.104,-0.052
4093,-0.052,0.104,-0.052
4095,-0.055,0.111,-0.055
4097,-0.062,0.124,-0.062
4099,-0.062,0.124,-0.062
4101,-0.065,0.130,-0.065
4104,-0.068,0.137,-0.068
4106,-0.068,0.137,-0.068
4108,-0.072,0.143,-0.072
4110,-0.088,0.176,-0.088
4112,-0.091,0.182,-0.091
4114,-0.091,0.182,-0.091
4116,-0.098,0.196,-0.098
4120,-0.104,0.209,-0.104
4122,-0.111,0.222,-0.111
4124,-0.114,0.228,-0.114
4126,-0.114,0.228,-0.114
4128,-0.124,0.248,-0.124
4130,-0.124,0.248,-0.124
4133,-0.124,0.248,-0.124
4135,-0.130,0.261,-0.130
4137,-0.140,0.261,-0.121
4139,-0.150,0.261,-0.111
4141,-0.156,0.254,-0.098
4143,-0.166,0.244,-0.078
4146,-0.176,0.235,-0.059
4148,-0.186,0.215,-0.029
4150,-0.196,0.196,0.000
4152,-0.202,0.169,0.033
4154,-0.209,0.143,0.065
4156,-0.215,0.117,0.098
4158,-0.228,0.085,0.143
4161,-0.231,0.042,0.189
4164,-0.241,0.003,0.238
4166,-0.241,-0.046,0.287
4168,-0.248,-0.091,0.339
4170,-0.248,-0.150,0.398
4172,-0.244,-0.205,0.450
4174,-0.251,-0.251,0.502
4176,-0.264,-0.264,0.528
4178,-0.283,-0.283,0.567
4181,-0.300,-0.300,0.600
4183,-0.316,-0.316,0.632
4185,-0.329,-0.329,0.658
4187,-0.339,-0.339,0.678
4189,-0.349,-0.349,0.697
4191,-0.362,-0.362,0.723
4193,-0.365,-0.365,0.730
4196,-0.371,-0.371,0.743
4198,-0.378,-0.378,0.756
4200,-0.378,-0.378,0.756
4202,-0.378,-0.378,0.756
4205,-0.375,-0.375,0.749
4207,-0.310,-0.398,0.707
4210,-0.241,-0.417,0.658
4212,-0.176,-0.430,0.606
4214,-0.098,-0.440,0.538
4216,-0.023,-0.453,0.476
4218,0.049,-0.450,0.401
4220,0.117,-0.450,0.332
4222,0.182,-0.443,0.261
4225,0.254,-0.440,0.186
4227,0.306,-0.427,0.121
4229,0.371,-0.411,0.039
4231,0.427,-0.394,-0.033
4233,0.476,-0.375,-0.101
4235,0.521,-0.349,-0.173
4237,0.560,-0.329,-0.231
4239,0.606,-0.303,-0.303
4241,0.613,-0.306,-0.306
4244,0.619,-0.310,-0.310
4247,0.619,-0.310,-0.310
4249,0.619,-0.310,-0.310
4251,0.619,-0.310,-0.310
4253,0.613,-0.306,-0.306
4255,0.613,-0.306,-0.306
4258,0.600,-0.300,-0.300
4260,0.600,-0.300,-0.300
4262,0.593,-0.297,-0.297
4264,0.580,-0.290,-0.290
4266,0.551,-0.251,-0.300
4268,0.508,-0.186,-0.323
4271,0.453,-0.104,-0.349
4273,0.407,-0.033,-0.375
4275,0.342,0.049,-0.391
4277,0.283,0.127,-0.411
4279,0.222,0.212,-0.433
4281,0.147,0.303,-0.450
4283,0.065,0.398,-0.463
4285,-0.013,0.486,-0.472
4287,-0.094,0.570,-0.476
4291,-0.173,0.648,-0.476
4293,-0.261,0.736,-0.476
4295,-0.349,0.815,-0.466
4297,-0.433,0.886,-0.453
4299,-0.459,0.919,-0.459
4301,-0.472,0.945,-0.472
4303,-0.479,0.958,-0.479
4306,-0.482,0.964,-0.482
4308,-0.482,0.964,-0.482
4310,-0.476,0.951,-0.476
4312,-0.469,0.938,-0.469
4314,-0.456,0.912,-0.456
4316,-0.446,0.893,-0.446
4319,-0.430,0.860,-0.430
4321,-0.414,0.828,-0.414
4323,-0.391,0.782,-0.391
4325,-0.371,0.743,-0.371
4327,-0.358,0.678,-0.319
4329,-0.371,0.596,-0.225
4333,-0.378,0.512,-0.134
4335,-0.384,0.427,-0.042
4337,-0.394,0.339,0.055
4339,-0.398,0.257,0.140
4341,-0.398,0.150,0.248
4343,-0.398,0.052,0.345
4345,-0.394,-0.052,0.446
4347,-0.381,-0.147,0.528
4349,-0.371,-0.254,0.626
4352,-0.352,-0.352,0.704
4354,-0.378,-0.378,0.756
4356,-0.398,-0.398,0.795
4358,-0.411,-0.411,0.821
4360,-0.427,-0.427,0.854
4362,-0.437,-0.437,0.873
4365,-0.450,-0.450,0.899
4367,-0.459,-0.459,0.919
4369,-0.469,-0.469,0.938
4371,-0.476,-0.476,0.951
4373,-0.479,-0.479,0.958
4376,-0.479,-0.479,0.958
4379,-0.394,-0.512,0.906
4381,-0.303,-0.538,0.841
4383,-0.209,-0.560,0.769
4385,-0.108,-0.577,0.684
4387,-0.010,-0.587,0.596
4389,0.091,-0.593,0.502
4391,0.186,-0.587,0.401
4394,0.270,-0.570,0.300
4396,0.355,-0.554,0.199
4398,0.440,-0.538,0.098
4400,0.515,-0.512,-0.003
4402,0.580,-0.486,-0.094
4404,0.635,-0.450,-0.186
4406,0.684,-0.411,-0.274
4408,0.730,-0.375,-0.355
4410,0.736,-0.368,-0.368
4413,0.736,-0.368,-0.368
4415,0.723,-0.362,-0.362
4418,0.717,-0.358,-0.358
4420,0.710,-0.355,-0.355
4422,0.697,-0.349,-0.349
4424,0.691,-0.345,-0.345
4427,0.678,-0.339,-0.339
4429,0.665,-0.332,-0.332
4431,0.645,-0.323,-0.323
4433,0.609,-0.270,-0.339
4435,0.551,-0.182,-0.368
4437,0.486,-0.091,-0.394
4440,0.420,0.000,-0.420
4442,0.352,0.088,-0.440
4444,0.280,0.173,-0.453
4446,0.202,0.270,-0.472
4448,0.124,0.358,-0.482
4450,0.039,0.450,-0.489
4452,-0.046,0.541,-0.495
4454,-0.134,0.629,-0.495
4456,-0.225,0.714,-0.489
4458,-0.306,0.789,-0.482
4462,-0.398,0.863,-0.466
4464,-0.459,0.919,-0.459
4466,-0.472,0.945,-0.472
4468,-0.476,0.951,-0.476
4470,-0.476,0.951,-0.476
4472,-0.472,0.945,-0.472
4475,-0.466,0.932,-0.466
4477,-0.459,0.919,-0.459
4479,-0.446,0.893,-0.446
4481,-0.437,0.873,-0.437
4483,-0.424,0.847,-0.424
4485,-0.407,0.815,-0.407
4487,-0.384,0.769,-0.384
4490,-0.362,0.723,-0.362
4492,-0.342,0.684,-0.342
4494,-0.342,0.616,-0.274
4496,-0.345,0.544,-0.199
4498,-0.342,0.459,-0.117
4500,-0.336,0.378,-0.042
4504,-0.336,0.300,0.036
4506,-0.329,0.228,0.101
4508,-0.326,0.153,0.173
4510,-0.319,0.091,0.228
4512,-0.306,0.016,0.290
4514,-0.293,-0.049,0.342
4516,-0.287,-0.111,0.398
4518,-0.274,-0.176,0.450
4521,-0.267,-0.238,0.505
4523,-0.267,-0.267,0.534
4525,-0.280,-0.280,0.560
4527,-0.293,-0.293,0.587
4529,-0.306,-0.306,0.613
4531,-0.316,-0.316,0.632
4533,-0.329,-0.329,0.658
4536,-0.339,-0.339,0.678
4538,-0.345,-0.345,0.691
4540,-0.352,-0.352,0.704
4542,-0.362,-0.362,0.723
4545,-0.368,-0.368,0.736
4547,-0.371,-0.371,0.743
4550,-0.378,-0.378,0.756
4552,-0.378,-0.378,0.756
4554,-0.375,-0.375,0.749
4556,-0.326,-0.394,0.720
4558,-0.264,-0.420,0.684
4560,-0.209,-0.433,0.642
4562,-0.137,-0.450,0.587
4565,-0.068,-0.459,0.528
4567,-0.003,-0.463,0.466
4569,0.062,-0.466,0.404
4571,0.124,-0.463,0.339
4573,0.186,-0.459,0.274
4575,0.248,-0.446,0.199
4577,0.300,-0.433,0.134
4579,0.358,-0.424,0.065
4582,0.404,-0.407,0.003
4584,0.453,-0.388,-0.065
4586,0.495,-0.365,-0.130
4589,0.534,-0.345,-0.189
4591,0.564,-0.316,-0.248
4593,0.593,-0.297,-0.297
4595,0.600,-0.300,-0.300
4597,0.606,-0.303,-0.303
4600,0.606,-0.303,-0.303
4602,0.606,-0.303,-0.303
4604,0.606,-0.303,-0.303
4606,0.606,-0.303,-0.303
4608,0.600,-0.300,-0.300
4610,0.600,-0.300,-0.300
4613,0.593,-0.297,-0.297
4615,0.580,-0.290,-0.290
4617,0.573,-0.287,-0.287
4619,0.560,-0.280,-0.280
4621,0.525,-0.228,-0.297
4623,0.486,-0.160,-0.326
4625,0.437,-0.091,-0.345
4628,0.384,-0.007,-0.378
4631,0.323,0.078,-0.401
4633,0.261,0.153,-0.414
4635,0.192,0.241,-0.433
4637,0.124,0.329,-0.453
4639,0.046,0.417,-0.463
4641,-0.033,0.505,-0.472
4643,-0.117,0.596,-0.479
4646,-0.205,0.684,-0.479
4648,-0.297,0.769,-0.472
4650,-0.381,0.841,-0.459
4652,-0.453,0.906,-0.453
4654,-0.466,0.932,-0.466
4656,-0.479,0.958,-0.479
4658,-0.486,0.971,-0.486
4661,-0.486,0.971,-0.486
4663,-0.482,0.964,-0.482
4665,-0.476,0.951,-0.476
4667,-0.469,0.938,-0.469
4669,-0.459,0.919,-0.459
4671,-0.446,0.893,-0.446
4675,-0.433,0.867,-0.433
4677,-0.417,0.834,-0.417
4679,-0.398,0.795,-0.398
4681,-0.371,0.743,-0.371
4683,-0.381,0.665,-0.283
4685,-0.391,0.577,-0.186
4687,-0.398,0.482,-0.085
4690,-0.401,0.381,0.020
4692,-0.394,0.290,0.104
4694,-0.394,0.202,0.192
4696,-0.391,0.098,0.293
4698,-0.384,0.007,0.378
4700,-0.368,-0.094,0.463
4702,-0.355,-0.189,0.544
4704,-0.339,-0.290,0.629
4707,-0.349,-0.349,0.697
4709,-0.368,-0.368,0.736
4711,-0.384,-0.384,0.769
4713,-0.401,-0.401,0.802
4716,-0.420,-0.420,0.841
4718,-0.433,-0.433,0.867
4720,-0.450,-0.450,0.899
4723,-0.466,-0.466,0.932
4725,-0.479,-0.479,0.958
4727,-0.489,-0.489,0.978
4729,-0.492,-0.492,0.984
4731,-0.420,-0.528,0.948
4733,-0.323,-0.567,0.890
4736,-0.222,-0.593,0.815
4738,-0.108,-0.616,0.723
4740,0.000,-0.635,0.635
4742,0.114,-0.639,0.525
4744,0.225,-0.635,0.411
4746,0.319,-0.629,0.310
4748,0.433,-0.613,0.179
4750,0.528,-0.587,0.059
4753,0.619,-0.554,-0.065
4755,0.694,-0.518,-0.176
4757,0.775,-0.476,-0.300
4760,0.841,-0.430,-0.411
4762,0.854,-0.427,-0.427
4764,0.847,-0.424,-0.424
4766,0.847,-0.424,-0.424
4768,0.834,-0.417,-0.417
4771,0.834,-0.417,-0.417
4773,0.828,-0.414,-0.414
4775,0.815,-0.407,-0.407
4777,0.802,-0.401,-0.401
4779,0.736,-0.300,-0.437
4781,0.652,-0.169,-0.482
4784,0.551,-0.026,-0.525
4786,0.446,0.114,-0.560
4788,0.329,0.261,-0.590
4790,0.209,0.404,-0.613
4792,0.081,0.551,-0.632
4794,-0.049,0.684,-0.635
4796,-0.186,0.821,-0.635
4798,-0.319,0.951,-0.632
4801,-0.463,1.072,-0.609
4804,-0.587,1.173,-0.587
4806,-0.606,1.212,-0.606
4808,-0.616,1.232,-0.616
4810,-0.609,1.219,-0.609
4812,-0.603,1.206,-0.603
4814,-0.590,1.180,-0.590
4817,-0.577,1.153,-0.577
4819,-0.560,1.121,-0.560
4821,-0.538,1.075,-0.538
4823,-0.512,1.023,-0.512
4825,-0.502,0.925,-0.424
4827,-0.518,0.782,-0.264
4830,-0.528,0.626,-0.098
4832,-0.531,0.466,0.065
4834,-0.531,0.310,0.222
4836,-0.450,0.108,0.342
4838,-0.433,-0.052,0.486
4840,-0.085,-0.378,0.463
4842,0.068,-0.606,0.538
4845,0.257,-0.769,0.512
4847,0.362,-0.870,0.508
4850,0.453,-0.955,0.502
4852,0.486,-1.010,0.525
4854,0.486,-1.049,0.564
4856,0.508,-1.085,0.577
4858,0.508,-1.114,0.606
4860,0.502,-1.121,0.619
4862,0.538,-1.144,0.606
4864,0.560,-1.140,0.580
4866,0.573,-1.127,0.554
4869,0.593,-1.098,0.505
4871,0.570,-1.033,0.463
4873,0.521,-0.945,0.424
4875,0.459,-0.841,0.381
4877,0.411,-0.733,0.323
4879,0.336,-0.603,0.267
4881,0.290,-0.492,0.202
4883,0.264,-0.381,0.117
4887,0.225,-0.264,0.039
4889,0.192,-0.150,-0.042
4891,0.130,-0.065,-0.065
4893,0.000,0.000,0.000
4895,0.000,0.000,0.000
4897,0.000,0.000,0.000
4899,0.000,0.000,0.000
4901,0.000,0.000,0.000
4903,0.000,0.000,0.000
4905,0.000,0.000,0.000
4907,-0.046,0.091,-0.046
4909,-0.108,0.215,-0.108
4911,-0.176,0.352,-0.176
4913,-0.238,0.476,-0.238
4915,-0.297,0.593,-0.297
4917,-0.355,0.710,-0.355
4919,-0.411,0.821,-0.411
4922,-0.459,0.919,-0.459
4924,-0.502,1.004,-0.502
4926,-0.538,1.075,-0.538
4929,-0.570,1.140,-0.570
4931,-0.590,1.180,-0.590
4933,-0.600,1.199,-0.600
4935,-0.603,1.206,-0.603
4937,-0.596,1.193,-0.596
4939,-0.580,1.160,-0.580
4942,-0.557,1.114,-0.557
4944,-0.538,1.075,-0.538
4946,-0.512,1.023,-0.512
4948,-0.482,0.964,-0.482
4950,-0.443,0.886,-0.443
4952,-0.378,0.775,-0.398
4955,-0.332,0.616,-0.283
4957,-0.257,0.427,-0.169
4959,-0.199,0.251,-0.052
4961,-0.101,0.055,0.046
4963,0.007,-0.140,0.134
4965,0.117,-0.332,0.215
4967,0.222,-0.521,0.300
4970,0.336,-0.720,0.384
4973,0.365,-0.789,0.424
4975,0.371,-0.831,0.459
4977,0.384,-0.877,0.492
4979,0.391,-0.909,0.518
4981,0.411,-0.958,0.547
4983,0.456,-1.010,0.554
4985,0.502,-1.052,0.551
4987,0.521,-1.082,0.560
4989,0.567,-1.114,0.547
4992,0.557,-1.105,0.547
4994,0.544,-1.079,0.534
4996,0.525,-1.039,0.515
4998,0.482,-0.974,0.492